26
9
300
32081040151085663551455854
81423787526312406637122668
38208107615445201883367085
24320810504800165571728128
53177246257161611353588864
34813728148801185230023020
70350414035014302731642628
13818773341383878550768377
63620844280371884687676347
02072077443134175020116842
06665475047368635384062564
20735088341846686656361073
47336370223125221617613747
50620764384044344506681701
33320547215768112083606233
66572543544221450705451646
32583030753455644374368218
71567523118128041280305146
80838474871551334504357848
16772228777236617838374107
28731151872154053881025461
32010501180777643166424186
30225786702174268052785387
83277443078303607774256142
25352560840854821085885700
01426767178221501526013034