26
9
300
00000007000000112233212222
66778987666677898766667789
66627393817847389788828837
21388293188282882882810201
00070000600000112233212222
66773987666677898766667789
66623300088000000788828837
21388293188282882882810201
60000990000000112233212222
66778997666677898766667789
66627393817847389788828837
21388293188282882882810201
06000000666000112233212222
66778987666677898766667789
00000000342000112233212222
21388293188282882882810201
00008000060000112233212222
66778987666677898766667789
66627393817847389788828837
21388293188282882882810201
00000900600000112233212222
66778987666677898766667789
66627393817847388888828837
21388293188282882882810201
21388293188282882882810201
21388293188282882882810201